37
Galicia1
Galicia
PRA
1315 384 1241 1367 443 331
1 2 3
9 9 9 9 9
Galicia2
Galicia
PRA
1348 390 1330 1378 431 368
0 2 4 5
9 9 9 9 9
Galicia3
Galicia
PRA
1372 342 1315 1425 396 281
0 1 3 5 6 12 15 16
9 9 9 9 9
Galicia4
Galicia
PRA
1287 311 1213 1342 371 237
0 2 16 18
1 1 1 1 1
Galicia5
Galicia
PRA
1347 457 1277 1383 509 415
1 5 7
1 1 1 1 1
Galicia6
Galicia
PRA
1390 422 1350 1434 464 376
1 2 4 6 7 8
1 1 1 1 1
Galicia7
Galicia
PRA
1442 422 1386 1491 484 357
2 5 8 9 10 12
1 1 1 1 1
Galicia8
Galicia
PRA
1381 468 1358 1399 491 442
4 5 8
1 1 1 1 1
Galicia9
Galicia
PRA
1433 488 1387 1488 530 435
5 6 7 10
1 1 1 1 1
Galicia10
Galicia
PNE
1511 402 1438 1582 462 333
6 10 11 12 13 14 28
9 9 9 9 9
Galicia11
Galicia
PNE
1492 468 1462 1521 516 427
6 8 9
9 9 9 9 9
Galicia12
Galicia
PNE
1479 323 1430 1538 360 272
9 12 17 21 28 29
1 1 1 1 1
Galicia13
Galicia
PNE
1432 361 1404 1464 380 329
2 6 9 11 15
1 1 1 1 1
Galicia14
Galicia
PNE
1603 444 1544 1669 511 362
9 14
1 1 1 1 1
Galicia15
Galicia
PNE
1571 359 1538 1606 394 297
9 13 28 29 31
1 1 1 1 1
Galicia16
Galicia
Ertzainza
1418 325 1383 1446 352 292
2 12 16 17
9 9 9 9 9
Galicia17
Galicia
Ertzainza
1366 272 1312 1407 313 202
2 3 15 17 18 19 20
9 9 9 9 9
Galicia18
Galicia
Ertzainza
1428 273 1380 1481 313 210
11 15 16 20 21
9 9 9 9 9
Galicia19
Galicia
Ertzainza
1301 258 1246 1341 294 217
3 16 19
1 1 1 1 1
Galicia20
Galicia
Ertzainza
1337 215 1265 1372 253 164
16 18 20
1 1 1 1 1
Galicia21
Galicia
Ertzainza
1396 223 1354 1442 270 183
16 17 19 25 27
1 1 1 1 1
Galicia22
Galicia
Mossos
1486 257 1455 1537 306 196
11 17 22 29 30
9 9 9 9 9
Galicia23
Galicia
Mossos
1488 200 1469 1506 223 168
21 23 24 30
9 9 9 9 9
Galicia24
Galicia
Mossos
1467 207 1455 1480 220 193
22 24 25
9 9 9 9 9
Galicia25
Galicia
Mossos
1468 187 1452 1477 198 163
22 23 25 26
1 1 1 1 1
Galicia26
Galicia
Mossos
1448 208 1433 1480 221 188
20 23 24 26 27
1 1 1 1 1
Galicia27
Galicia
Mossos
1447 187 1430 1456 196 168
24 25 27
1 1 1 1 1
Galicia28
Galicia
Mossos
1425 197 1399 1447 215 177
20 25 26
1 1 1 1 1
Galicia29
Galicia
CDR
1537 322 1492 1571 355 283
9 11 14 29
9 9 9 9 9
Galicia30
Galicia
CDR
1563 264 1496 1627 338 184
11 14 21 28 30 31 32
9 9 9 9 9
Galicia31
Galicia
CDR
1517 209 1489 1553 235 157
21 22 29 32 36
9 9 9 9 9
Galicia32
Galicia
CDR
1622 330 1586 1658 365 289
14 29
1 1 1 1 1
Galicia33
Galicia
PRC
1561 166 1506 1615 225 101
29 30 33 36
9 9 9 9 9
Galicia34
Galicia
PRC
1541 117 1490 1573 151 81
32 34 36
9 9 9 9 9
Galicica35
Galicia
PRC
1501 124 1487 1533 138 108
33 35 36
9 9 9 9 9
Galicia36
Galicia
PRC
1487 132 1461 1504 149 110
34
1 1 1 1 1
Galicia37
Galicia
PRC
1514 153 1465 1533 170 123
30 32 33 34
1 1 1 1 1
